0.000000e+00	1.000000e+00	2.000000e-02	0.000000e+00	0.000000e+00	2.100000e+00	5.300000e+00	9.999999e-01	3.197722e+00
0.000000e+00	1.999998e+00	2.999950e-02	0.000000e+00	0.000000e+00	3.999969e+00	5.000000e+00	2.828418e+00	1.051540e+00
5.000161e+02	9.999976e-01	2.002662e-02	0.000000e+00	0.000000e+00	2.101710e+00	5.408158e+00	9.999963e-01	3.300033e+00
5.000161e+02	1.999998e+00	2.999856e-02	0.000000e+00	0.000000e+00	4.000070e+00	9.919589e+00	2.828418e+00	5.897405e+00
1.000009e+03	9.999988e-01	2.004551e-02	0.000000e+00	0.000000e+00	2.103428e+00	5.367312e+00	9.999981e-01	3.259112e+00
1.000009e+03	1.999998e+00	2.999750e-02	0.000000e+00	0.000000e+00	4.000169e+00	8.503313e+00	2.828418e+00	4.444945e+00
1.500001e+03	9.999976e-01	2.007834e-02	0.000000e+00	0.000000e+00	2.105478e+00	5.329281e+00	9.999963e-01	3.220586e+00
1.500001e+03	1.999998e+00	2.999639e-02	0.000000e+00	0.000000e+00	4.000280e+00	7.088032e+00	2.828418e+00	3.090864e+00
2.000021e+03	9.999995e-01	2.009545e-02	0.000000e+00	0.000000e+00	2.107140e+00	5.459487e+00	9.999992e-01	3.344141e+00
2.000021e+03	1.999998e+00	2.999540e-02	0.000000e+00	0.000000e+00	4.000380e+00	5.732230e+00	2.828418e+00	1.790677e+00
2.500018e+03	9.999974e-01	2.012480e-02	0.000000e+00	0.000000e+00	2.109019e+00	5.449656e+00	9.999959e-01	3.332871e+00
2.500018e+03	1.999998e+00	2.999445e-02	0.000000e+00	0.000000e+00	4.000485e+00	4.326924e+00	2.828419e+00	3.463814e-01
3.000016e+03	9.999984e-01	2.014832e-02	0.000000e+00	0.000000e+00	2.110689e+00	5.444288e+00	9.999975e-01	3.326095e+00
3.000016e+03	1.999998e+00	2.999337e-02	0.000000e+00	0.000000e+00	4.000586e+00	9.206373e+00	2.828418e+00	5.152026e+00
3.500015e+03	9.999984e-01	2.016943e-02	0.000000e+00	0.000000e+00	2.112871e+00	5.440612e+00	9.999974e-01	3.320455e+00
3.500015e+03	1.999998e+00	2.999207e-02	0.000000e+00	0.000000e+00	4.000688e+00	7.803239e+00	2.828418e+00	3.766796e+00
4.000015e+03	9.999976e-01	2.019761e-02	0.000000e+00	0.000000e+00	2.114284e+00	5.450365e+00	9.999963e-01	3.328463e+00
4.000015e+03	1.999998e+00	2.999118e-02	0.000000e+00	0.000000e+00	4.000793e+00	6.404852e+00	2.828418e+00	2.443295e+00
4.500017e+03	9.999994e-01	2.022046e-02	0.000000e+00	0.000000e+00	2.116401e+00	5.465593e+00	9.999989e-01	3.341058e+00
4.500017e+03	1.999998e+00	2.999004e-02	0.000000e+00	0.000000e+00	4.000897e+00	5.008403e+00	2.828418e+00	1.059231e+00
5.000018e+03	9.999977e-01	2.024639e-02	0.000000e+00	0.000000e+00	2.118072e+00	5.482831e+00	9.999965e-01	3.356013e+00
5.000018e+03	1.999998e+00	2.998907e-02	0.000000e+00	0.000000e+00	4.000997e+00	9.895846e+00	2.828418e+00	5.871325e+00
5.500021e+03	9.999988e-01	2.026505e-02	0.000000e+00	0.000000e+00	2.119799e+00	5.507482e+00	9.999981e-01	3.378046e+00
5.500021e+03	1.999998e+00	2.998799e-02	0.000000e+00	0.000000e+00	4.001095e+00	8.502728e+00	2.828418e+00	4.443473e+00
6.000001e+03	9.999975e-01	2.029856e-02	0.000000e+00	0.000000e+00	2.121765e+00	5.387106e+00	9.999962e-01	3.260453e+00
6.000001e+03	1.999998e+00	2.998689e-02	0.000000e+00	0.000000e+00	4.001206e+00	7.058333e+00	2.828418e+00	3.062004e+00
6.500008e+03	9.999997e-01	2.031546e-02	0.000000e+00	0.000000e+00	2.123455e+00	5.441500e+00	9.999994e-01	3.311087e+00
6.500008e+03	1.999998e+00	2.998587e-02	0.000000e+00	0.000000e+00	4.001305e+00	5.675727e+00	2.828418e+00	1.733807e+00
7.000017e+03	9.999973e-01	2.034491e-02	0.000000e+00	0.000000e+00	2.125283e+00	5.504839e+00	9.999958e-01	3.370196e+00
7.000017e+03	1.999998e+00	2.998491e-02	0.000000e+00	0.000000e+00	4.001410e+00	4.296290e+00	2.828419e+00	3.129557e-01
7.500000e+03	9.999985e-01	2.036832e-02	0.000000e+00	0.000000e+00	2.126926e+00	5.404054e+00	9.999976e-01	3.271759e+00
7.500000e+03	1.999998e+00	2.998381e-02	0.000000e+00	0.000000e+00	4.001511e+00	9.142005e+00	2.828418e+00	5.085105e+00
8.000014e+03	9.999983e-01	2.039052e-02	0.000000e+00	0.000000e+00	2.129108e+00	5.495940e+00	9.999973e-01	3.357945e+00
8.000014e+03	1.999998e+00	2.998249e-02	0.000000e+00	0.000000e+00	4.001613e+00	7.772657e+00	2.828418e+00	3.736789e+00
8.500003e+03	9.999977e-01	2.041764e-02	0.000000e+00	0.000000e+00	2.130488e+00	5.437594e+00	9.999964e-01	3.300543e+00
8.500003e+03	1.999998e+00	2.998157e-02	0.000000e+00	0.000000e+00	4.001717e+00	6.350193e+00	2.828418e+00	2.390095e+00
9.000019e+03	9.999990e-01	2.044174e-02	0.000000e+00	0.000000e+00	2.132582e+00	5.545409e+00	9.999983e-01	3.402137e+00
9.000019e+03	1.999998e+00	2.998044e-02	0.000000e+00	0.000000e+00	4.001822e+00	4.986479e+00	2.828418e+00	1.035645e+00
9.500012e+03	9.999978e-01	2.046722e-02	0.000000e+00	0.000000e+00	2.134226e+00	5.507422e+00	9.999966e-01	3.364029e+00
9.500012e+03	1.999998e+00	2.997943e-02	0.000000e+00	0.000000e+00	4.001920e+00	9.854397e+00	2.828418e+00	5.826565e+00
1.000001e+04	9.999988e-01	2.048567e-02	0.000000e+00	0.000000e+00	2.135962e+00	5.484803e+00	9.999981e-01	3.340617e+00
1.000001e+04	1.999998e+00	2.997832e-02	0.000000e+00	0.000000e+00	4.002017e+00	8.444567e+00	2.828418e+00	4.385365e+00
1.050000e+04	9.999975e-01	2.051970e-02	0.000000e+00	0.000000e+00	2.137846e+00	5.473227e+00	9.999961e-01	3.327672e+00
1.050000e+04	1.999998e+00	2.997723e-02	0.000000e+00	0.000000e+00	4.002128e+00	7.038638e+00	2.828418e+00	3.042572e+00
1.100000e+04	9.999999e-01	2.053642e-02	0.000000e+00	0.000000e+00	2.139566e+00	5.460652e+00	9.999997e-01	3.313934e+00
1.100000e+04	1.999998e+00	2.997618e-02	0.000000e+00	0.000000e+00	4.002226e+00	5.632355e+00	2.828418e+00	1.689808e+00
1.150000e+04	9.999973e-01	2.056596e-02	0.000000e+00	0.000000e+00	2.141347e+00	5.474373e+00	9.999958e-01	3.325393e+00
1.150000e+04	1.999998e+00	2.997521e-02	0.000000e+00	0.000000e+00	4.002330e+00	4.235376e+00	2.828419e+00	2.474128e-01
1.200001e+04	9.999985e-01	2.058917e-02	0.000000e+00	0.000000e+00	2.142964e+00	5.504384e+00	9.999977e-01	3.352661e+00
1.200001e+04	1.999998e+00	2.997411e-02	0.000000e+00	0.000000e+00	4.002431e+00	9.127334e+00	2.828418e+00	5.069175e+00
1.250001e+04	9.999982e-01	2.061261e-02	0.000000e+00	0.000000e+00	2.145138e+00	5.546053e+00	9.999972e-01	3.390602e+00
1.250001e+04	1.999998e+00	2.997276e-02	0.000000e+00	0.000000e+00	4.002534e+00	7.740232e+00	2.828418e+00	3.705062e+00
1.300002e+04	9.999979e-01	2.063846e-02	0.000000e+00	0.000000e+00	2.146489e+00	5.603832e+00	9.999968e-01	3.444833e+00
1.300002e+04	1.999998e+00	2.997183e-02	0.000000e+00	0.000000e+00	4.002636e+00	6.358824e+00	2.828418e+00	2.397467e+00
1.350000e+04	9.999988e-01	2.066367e-02	0.000000e+00	0.000000e+00	2.148551e+00	5.511041e+00	9.999981e-01	3.353658e+00
1.350000e+04	1.999998e+00	2.997069e-02	0.000000e+00	0.000000e+00	4.002741e+00	4.924185e+00	2.828418e+00	9.702718e-01
1.400002e+04	9.999979e-01	2.068896e-02	0.000000e+00	0.000000e+00	2.150177e+00	5.588162e+00	9.999968e-01	3.426192e+00
1.400002e+04	1.999998e+00	2.996965e-02	0.000000e+00	0.000000e+00	4.002840e+00	9.832799e+00	2.828418e+00	5.802804e+00
1.450001e+04	9.999988e-01	2.070732e-02	0.000000e+00	0.000000e+00	2.151928e+00	5.532425e+00	9.999980e-01	3.370937e+00
1.450001e+04	1.999998e+00	2.996851e-02	0.000000e+00	0.000000e+00	4.002936e+00	8.411260e+00	2.828418e+00	4.351801e+00
1.500002e+04	9.999974e-01	2.074169e-02	0.000000e+00	0.000000e+00	2.153728e+00	5.638144e+00	9.999960e-01	3.470805e+00
1.500002e+04	1.999998e+00	2.996742e-02	0.000000e+00	0.000000e+00	4.003046e+00	7.046801e+00	2.828418e+00	3.049399e+00
1.550002e+04	1.000000e+00	2.075815e-02	0.000000e+00	0.000000e+00	2.155489e+00	5.608283e+00	1.000000e+00	3.440389e+00
1.550002e+04	1.999998e+00	2.996632e-02	0.000000e+00	0.000000e+00	4.003143e+00	5.634408e+00	2.828418e+00	1.690917e+00
1.600001e+04	9.999973e-01	2.078795e-02	0.000000e+00	0.000000e+00	2.157211e+00	5.589426e+00	9.999958e-01	3.420592e+00
1.600001e+04	1.999998e+00	2.996536e-02	0.000000e+00	0.000000e+00	4.003247e+00	4.225909e+00	2.828419e+00	2.363971e-01
1.650001e+04	9.999986e-01	2.081092e-02	0.000000e+00	0.000000e+00	2.158807e+00	5.586428e+00	9.999978e-01	3.416164e+00
1.650001e+04	1.999998e+00	2.996425e-02	0.000000e+00	0.000000e+00	4.003348e+00	9.106198e+00	2.828418e+00	5.046661e+00
1.700001e+04	9.999981e-01	2.083562e-02	0.000000e+00	0.000000e+00	2.160966e+00	5.599776e+00	9.999970e-01	3.426904e+00
1.700001e+04	1.999998e+00	2.996288e-02	0.000000e+00	0.000000e+00	4.003451e+00	7.709082e+00	2.828418e+00	3.674584e+00
1.750002e+04	9.999981e-01	2.086030e-02	0.000000e+00	0.000000e+00	2.162299e+00	5.633540e+00	9.999970e-01	3.458061e+00
1.750002e+04	1.999998e+00	2.996194e-02	0.000000e+00	0.000000e+00	4.003552e+00	6.319184e+00	2.828418e+00	2.358582e+00
1.800002e+04	9.999982e-01	2.088689e-02	0.000000e+00	0.000000e+00	2.164330e+00	5.688800e+00	9.999972e-01	3.509234e+00
1.800002e+04	1.999998e+00	2.996081e-02	0.000000e+00	0.000000e+00	4.003658e+00	4.936890e+00	2.828418e+00	9.824582e-01
1.850001e+04	9.999980e-01	2.091163e-02	0.000000e+00	0.000000e+00	2.165933e+00	5.592205e+00	9.999969e-01	3.414814e+00
1.850001e+04	1.999998e+00	2.995972e-02	0.000000e+00	0.000000e+00	4.003755e+00	9.784085e+00	2.828418e+00	5.750479e+00
1.900002e+04	9.999987e-01	2.092997e-02	0.000000e+00	0.000000e+00	2.167702e+00	5.668408e+00	9.999979e-01	3.486347e+00
1.900002e+04	1.999998e+00	2.995855e-02	0.000000e+00	0.000000e+00	4.003851e+00	8.409194e+00	2.828418e+00	4.348898e+00
1.950001e+04	9.999974e-01	2.096439e-02	0.000000e+00	0.000000e+00	2.169418e+00	5.602697e+00	9.999959e-01	3.421518e+00
1.950001e+04	1.999998e+00	2.995747e-02	0.000000e+00	0.000000e+00	4.003960e+00	6.984126e+00	2.828418e+00	2.989451e+00
2.000002e+04	1.000000e+00	2.098102e-02	0.000000e+00	0.000000e+00	2.171219e+00	5.723966e+00	1.000000e+00	3.536372e+00
2.000002e+04	1.999998e+00	2.995631e-02	0.000000e+00	0.000000e+00	4.004057e+00	5.625165e+00	2.828418e+00	1.680797e+00
2.050002e+04	9.999973e-01	2.101076e-02	0.000000e+00	0.000000e+00	2.172885e+00	5.695621e+00	9.999959e-01	3.507478e+00
2.050002e+04	1.999998e+00	2.995535e-02	0.000000e+00	0.000000e+00	4.004160e+00	4.213311e+00	2.828419e+00	2.220622e-01
2.100001e+04	9.999987e-01	2.103348e-02	0.000000e+00	0.000000e+00	2.174461e+00	5.679389e+00	9.999979e-01	3.490337e+00
2.100001e+04	1.999998e+00	2.995425e-02	0.000000e+00	0.000000e+00	4.004260e+00	9.088921e+00	2.828418e+00	5.028116e+00
2.150001e+04	9.999980e-01	2.105949e-02	0.000000e+00	0.000000e+00	2.176598e+00	5.686458e+00	9.999968e-01	3.495062e+00
2.150001e+04	1.999998e+00	2.995286e-02	0.000000e+00	0.000000e+00	4.004364e+00	7.689585e+00	2.828418e+00	3.655203e+00
2.200002e+04	9.999984e-01	2.108293e-02	0.000000e+00	0.000000e+00	2.177921e+00	5.699389e+00	9.999974e-01	3.506207e+00
2.200002e+04	1.999998e+00	2.995190e-02	0.000000e+00	0.000000e+00	4.004464e+00	6.292321e+00	2.828418e+00	2.331909e+00
2.250002e+04	9.999980e-01	2.111055e-02	0.000000e+00	0.000000e+00	2.179911e+00	5.723918e+00	9.999969e-01	3.527864e+00
2.250002e+04	1.999998e+00	2.995077e-02	0.000000e+00	0.000000e+00	4.004570e+00	4.899162e+00	2.828418e+00	9.424141e-01
2.300002e+04	9.999982e-01	2.113501e-02	0.000000e+00	0.000000e+00	2.181496e+00	5.729521e+00	9.999971e-01	3.531710e+00
2.300002e+04	1.999998e+00	2.994964e-02	0.000000e+00	0.000000e+00	4.004667e+00	9.782490e+00	2.828418e+00	5.747848e+00
2.350002e+04	9.999987e-01	2.115350e-02	0.000000e+00	0.000000e+00	2.183285e+00	5.718569e+00	9.999979e-01	3.519443e+00
2.350002e+04	1.999998e+00	2.994844e-02	0.000000e+00	0.000000e+00	4.004762e+00	8.376785e+00	2.828418e+00	4.316288e+00
2.400001e+04	9.999974e-01	2.118782e-02	0.000000e+00	0.000000e+00	2.184921e+00	5.686965e+00	9.999959e-01	3.487461e+00
2.400001e+04	1.999998e+00	2.994737e-02	0.000000e+00	0.000000e+00	4.004871e+00	6.963775e+00	2.828419e+00	2.969399e+00
2.450000e+04	1.000000e+00	2.120495e-02	0.000000e+00	0.000000e+00	2.186742e+00	5.650510e+00	1.000000e+00	3.450671e+00
2.450000e+04	1.999998e+00	2.994619e-02	0.000000e+00	0.000000e+00	4.004967e+00	5.549051e+00	2.828418e+00	1.603979e+00
2.500001e+04	9.999974e-01	2.123438e-02	0.000000e+00	0.000000e+00	2.188374e+00	5.720475e+00	9.999959e-01	3.516323e+00
2.500001e+04	1.999998e+00	2.994520e-02	0.000000e+00	0.000000e+00	4.005069e+00	4.171954e+00	2.828418e+00	1.772142e-01
2.550000e+04	9.999987e-01	2.125684e-02	0.000000e+00	0.000000e+00	2.189930e+00	5.650374e+00	9.999979e-01	3.447445e+00
2.550000e+04	1.999998e+00	2.994409e-02	0.000000e+00	0.000000e+00	4.005169e+00	9.028519e+00	2.828418e+00	4.965706e+00
2.600002e+04	9.999979e-01	2.128412e-02	0.000000e+00	0.000000e+00	2.192039e+00	5.750450e+00	9.999967e-01	3.541588e+00
2.600002e+04	1.999998e+00	2.994269e-02	0.000000e+00	0.000000e+00	4.005273e+00	7.662066e+00	2.828418e+00	3.628223e+00
2.650001e+04	9.999985e-01	2.130645e-02	0.000000e+00	0.000000e+00	2.193361e+00	5.706184e+00	9.999977e-01	3.497739e+00
2.650001e+04	1.999998e+00	2.994171e-02	0.000000e+00	0.000000e+00	4.005372e+00	6.244580e+00	2.828418e+00	2.285122e+00
2.700000e+04	9.999979e-01	2.133480e-02	0.000000e+00	0.000000e+00	2.195303e+00	5.682995e+00	9.999967e-01	3.473572e+00
2.700000e+04	1.999998e+00	2.994058e-02	0.000000e+00	0.000000e+00	4.005477e+00	4.834550e+00	2.828418e+00	8.743519e-01
2.750000e+04	9.999982e-01	2.135925e-02	0.000000e+00	0.000000e+00	2.196875e+00	5.681411e+00	9.999971e-01	3.470524e+00
2.750000e+04	1.999998e+00	2.993943e-02	0.000000e+00	0.000000e+00	4.005574e+00	9.715337e+00	2.828418e+00	5.676231e+00
2.800000e+04	9.999986e-01	2.137785e-02	0.000000e+00	0.000000e+00	2.198681e+00	5.702115e+00	9.999978e-01	3.488669e+00
2.800000e+04	1.999998e+00	2.993818e-02	0.000000e+00	0.000000e+00	4.005669e+00	8.320824e+00	2.828418e+00	4.260756e+00
2.850001e+04	9.999974e-01	2.141191e-02	0.000000e+00	0.000000e+00	2.200242e+00	5.752268e+00	9.999960e-01	3.535350e+00
2.850001e+04	1.999998e+00	2.993712e-02	0.000000e+00	0.000000e+00	4.005777e+00	6.936720e+00	2.828418e+00	2.943019e+00
2.900002e+04	1.000000e+00	2.142970e-02	0.000000e+00	0.000000e+00	2.202106e+00	5.821977e+00	1.000000e+00	3.600605e+00
2.900002e+04	1.999998e+00	2.993588e-02	0.000000e+00	0.000000e+00	4.005874e+00	5.559531e+00	2.828418e+00	1.613523e+00
2.950001e+04	9.999974e-01	2.145875e-02	0.000000e+00	0.000000e+00	2.203681e+00	5.761610e+00	9.999960e-01	3.540989e+00
2.950001e+04	1.999998e+00	2.993490e-02	0.000000e+00	0.000000e+00	4.005974e+00	4.136354e+00	2.828418e+00	1.384625e-01
3.000000e+04	9.999987e-01	2.148089e-02	0.000000e+00	0.000000e+00	2.205223e+00	5.722721e+00	9.999980e-01	3.502112e+00
3.000000e+04	1.999998e+00	2.993378e-02	0.000000e+00	0.000000e+00	4.006073e+00	9.003954e+00	2.828418e+00	4.939858e+00
3.050002e+04	9.999977e-01	2.150946e-02	0.000000e+00	0.000000e+00	2.207296e+00	5.869492e+00	9.999965e-01	3.641289e+00
3.050002e+04	1.999998e+00	2.993238e-02	0.000000e+00	0.000000e+00	4.006178e+00	7.654010e+00	2.828418e+00	3.619729e+00
3.100000e+04	9.999987e-01	2.153070e-02	0.000000e+00	0.000000e+00	2.208623e+00	5.724063e+00	9.999980e-01	3.500099e+00
3.100000e+04	1.999998e+00	2.993137e-02	0.000000e+00	0.000000e+00	4.006276e+00	6.200757e+00	2.828418e+00	2.242016e+00
3.150001e+04	9.999977e-01	2.155986e-02	0.000000e+00	0.000000e+00	2.210518e+00	5.765985e+00	9.999964e-01	3.538545e+00
3.150001e+04	1.999998e+00	2.993026e-02	0.000000e+00	0.000000e+00	4.006381e+00	4.813748e+00	2.828418e+00	8.517469e-01
3.200002e+04	9.999983e-01	2.158403e-02	0.000000e+00	0.000000e+00	2.212073e+00	5.839406e+00	9.999974e-01	3.607650e+00
3.200002e+04	1.999998e+00	2.992907e-02	0.000000e+00	0.000000e+00	4.006478e+00	9.721053e+00	2.828418e+00	5.681302e+00
3.250000e+04	9.999986e-01	2.160302e-02	0.000000e+00	0.000000e+00	2.213899e+00	5.775090e+00	9.999977e-01	3.544014e+00
3.250000e+04	1.999998e+00	2.992778e-02	0.000000e+00	0.000000e+00	4.006572e+00	8.296481e+00	2.828418e+00	4.236167e+00
3.300002e+04	9.999975e-01	2.163657e-02	0.000000e+00	0.000000e+00	2.215385e+00	5.899956e+00	9.999961e-01	3.662720e+00
3.300002e+04	1.999998e+00	2.992674e-02	0.000000e+00	0.000000e+00	4.006679e+00	6.938792e+00	2.828418e+00	2.944119e+00
3.350002e+04	9.999998e-01	2.165530e-02	0.000000e+00	0.000000e+00	2.217279e+00	5.897386e+00	9.999996e-01	3.658401e+00
3.350002e+04	1.999998e+00	2.992545e-02	0.000000e+00	0.000000e+00	4.006777e+00	5.536049e+00	2.828418e+00	1.589129e+00
3.400002e+04	9.999976e-01	2.168376e-02	0.000000e+00	0.000000e+00	2.218810e+00	5.916987e+00	9.999962e-01	3.675783e+00
3.400002e+04	1.999998e+00	2.992445e-02	0.000000e+00	0.000000e+00	4.006875e+00	4.141144e+00	2.828418e+00	1.425880e-01
3.450001e+04	9.999987e-01	2.170562e-02	0.000000e+00	0.000000e+00	2.220343e+00	5.810678e+00	9.999980e-01	3.571953e+00
3.450001e+04	1.999998e+00	2.992334e-02	0.000000e+00	0.000000e+00	4.006973e+00	8.984908e+00	2.828418e+00	4.919647e+00
3.500002e+04	9.999977e-01	2.173538e-02	0.000000e+00	0.000000e+00	2.222372e+00	5.893052e+00	9.999964e-01	3.649244e+00
3.500002e+04	1.999998e+00	2.992193e-02	0.000000e+00	0.000000e+00	4.007079e+00	7.612196e+00	2.828418e+00	3.579232e+00
3.550001e+04	9.999992e-01	2.175540e-02	0.000000e+00	0.000000e+00	2.223710e+00	5.844745e+00	9.999987e-01	3.601438e+00
3.550001e+04	1.999998e+00	2.992090e-02	0.000000e+00	0.000000e+00	4.007176e+00	6.193281e+00	2.828418e+00	2.233921e+00
3.600001e+04	9.999975e-01	2.178545e-02	0.000000e+00	0.000000e+00	2.225556e+00	5.827416e+00	9.999961e-01	3.582968e+00
3.600001e+04	1.999998e+00	2.991979e-02	0.000000e+00	0.000000e+00	4.007280e+00	4.785323e+00	2.828418e+00	8.211785e-01
3.650001e+04	9.999984e-01	2.180952e-02	0.000000e+00	0.000000e+00	2.227097e+00	5.840997e+00	9.999974e-01	3.594528e+00
3.650001e+04	1.999998e+00	2.991857e-02	0.000000e+00	0.000000e+00	4.007377e+00	9.671472e+00	2.828418e+00	5.628290e+00
3.700001e+04	9.999985e-01	2.182894e-02	0.000000e+00	0.000000e+00	2.228943e+00	5.889951e+00	9.999976e-01	3.639841e+00
3.700001e+04	1.999998e+00	2.991725e-02	0.000000e+00	0.000000e+00	4.007471e+00	8.286947e+00	2.828418e+00	4.226026e+00
3.750002e+04	9.999976e-01	2.186179e-02	0.000000e+00	0.000000e+00	2.230360e+00	5.966009e+00	9.999962e-01	3.711720e+00
3.750002e+04	1.999998e+00	2.991620e-02	0.000000e+00	0.000000e+00	4.007577e+00	6.912001e+00	2.828418e+00	2.917988e+00
3.800002e+04	9.999996e-01	2.188154e-02	0.000000e+00	0.000000e+00	2.232270e+00	5.918414e+00	9.999993e-01	3.663994e+00
3.800002e+04	1.999998e+00	2.991489e-02	0.000000e+00	0.000000e+00	4.007675e+00	5.493340e+00	2.828418e+00	1.545432e+00
3.850001e+04	9.999976e-01	2.190949e-02	0.000000e+00	0.000000e+00	2.233771e+00	5.899255e+00	9.999963e-01	3.644073e+00
3.850001e+04	1.999998e+00	2.991387e-02	0.000000e+00	0.000000e+00	4.007773e+00	4.084731e+00	2.828418e+00	8.173569e-02
3.900001e+04	9.999987e-01	2.193097e-02	0.000000e+00	0.000000e+00	2.235295e+00	5.913895e+00	9.999980e-01	3.656680e+00
3.900001e+04	1.999998e+00	2.991275e-02	0.000000e+00	0.000000e+00	4.007870e+00	8.971257e+00	2.828418e+00	4.904927e+00
3.950002e+04	9.999976e-01	2.196187e-02	0.000000e+00	0.000000e+00	2.237273e+00	5.963809e+00	9.999962e-01	3.702828e+00
3.950002e+04	1.999998e+00	2.991134e-02	0.000000e+00	0.000000e+00	4.007975e+00	7.587069e+00	2.828418e+00	3.554582e+00
4.000001e+04	9.999995e-01	2.198092e-02	0.000000e+00	0.000000e+00	2.238631e+00	5.883297e+00	9.999991e-01	3.623971e+00
4.000001e+04	1.999998e+00	2.991028e-02	0.000000e+00	0.000000e+00	4.008071e+00	6.156768e+00	2.828418e+00	2.197780e+00
4.050000e+04	9.999974e-01	2.201153e-02	0.000000e+00	0.000000e+00	2.240425e+00	5.857030e+00	9.999960e-01	3.596953e+00
4.050000e+04	1.999998e+00	2.990917e-02	0.000000e+00	0.000000e+00	4.008175e+00	4.745650e+00	2.828418e+00	7.788290e-01
4.100002e+04	9.999985e-01	2.203545e-02	0.000000e+00	0.000000e+00	2.241950e+00	6.011996e+00	9.999976e-01	3.744705e+00
4.100002e+04	1.999998e+00	2.990794e-02	0.000000e+00	0.000000e+00	4.008272e+00	9.681785e+00	2.828418e+00	5.638188e+00
4.150000e+04	9.999984e-01	2.205547e-02	0.000000e+00	0.000000e+00	2.243813e+00	5.881237e+00	9.999975e-01	3.616937e+00
4.150000e+04	1.999998e+00	2.990657e-02	0.000000e+00	0.000000e+00	4.008366e+00	8.233722e+00	2.828418e+00	4.173431e+00
4.200001e+04	9.999976e-01	2.208757e-02	0.000000e+00	0.000000e+00	2.245173e+00	5.946425e+00	9.999963e-01	3.678339e+00
4.200001e+04	1.999998e+00	2.990553e-02	0.000000e+00	0.000000e+00	4.008471e+00	6.854933e+00	2.828418e+00	2.863257e+00
4.250000e+04	9.999994e-01	2.210832e-02	0.000000e+00	0.000000e+00	2.247086e+00	5.899588e+00	9.999990e-01	3.631392e+00
4.250000e+04	1.999998e+00	2.990420e-02	0.000000e+00	0.000000e+00	4.008569e+00	5.436540e+00	2.828418e+00	1.487452e+00
4.300002e+04	9.999978e-01	2.213572e-02	0.000000e+00	0.000000e+00	2.248562e+00	6.039393e+00	9.999966e-01	3.764646e+00
4.300002e+04	1.999998e+00	2.990314e-02	0.000000e+00	0.000000e+00	4.008666e+00	4.084133e+00	2.828418e+00	8.015073e-02
4.350000e+04	9.999987e-01	2.215693e-02	0.000000e+00	0.000000e+00	2.250081e+00	5.907803e+00	9.999980e-01	3.636368e+00
4.350000e+04	1.999998e+00	2.990201e-02	0.000000e+00	0.000000e+00	4.008762e+00	8.918960e+00	2.828418e+00	4.851161e+00
4.400001e+04	9.999975e-01	2.218882e-02	0.000000e+00	0.000000e+00	2.252006e+00	5.958226e+00	9.999962e-01	3.683019e+00
4.400001e+04	1.999998e+00	2.990061e-02	0.000000e+00	0.000000e+00	4.008868e+00	7.534951e+00	2.828418e+00	3.504407e+00
4.450002e+04	9.999999e-01	2.220673e-02	0.000000e+00	0.000000e+00	2.253390e+00	6.051003e+00	9.999998e-01	3.771109e+00
4.450002e+04	1.999998e+00	2.989951e-02	0.000000e+00	0.000000e+00	4.008961e+00	6.165917e+00	2.828418e+00	2.205744e+00
4.500002e+04	9.999973e-01	2.223817e-02	0.000000e+00	0.000000e+00	2.255129e+00	6.019900e+00	9.999958e-01	3.739390e+00
4.500002e+04	1.999998e+00	2.989842e-02	0.000000e+00	0.000000e+00	4.009066e+00	4.753089e+00	2.828419e+00	7.856526e-01
4.550002e+04	9.999986e-01	2.226198e-02	0.000000e+00	0.000000e+00	2.256639e+00	6.022918e+00	9.999977e-01	3.740817e+00
4.550002e+04	1.999998e+00	2.989716e-02	0.000000e+00	0.000000e+00	4.009163e+00	9.635503e+00	2.828418e+00	5.588725e+00
4.600000e+04	9.999983e-01	2.228263e-02	0.000000e+00	0.000000e+00	2.258517e+00	5.941368e+00	9.999973e-01	3.660428e+00
4.600000e+04	1.999998e+00	2.989575e-02	0.000000e+00	0.000000e+00	4.009256e+00	8.204837e+00	2.828418e+00	4.144563e+00
4.650002e+04	9.999978e-01	2.231374e-02	0.000000e+00	0.000000e+00	2.259821e+00	6.036866e+00	9.999966e-01	3.751141e+00
4.650002e+04	1.999998e+00	2.989472e-02	0.000000e+00	0.000000e+00	4.009360e+00	6.836765e+00	2.828418e+00	2.845247e+00
4.700001e+04	9.999990e-01	2.233585e-02	0.000000e+00	0.000000e+00	2.261746e+00	6.008601e+00	9.999983e-01	3.722012e+00
4.700001e+04	1.999998e+00	2.989336e-02	0.000000e+00	0.000000e+00	4.009460e+00	5.424939e+00	2.828418e+00	1.474854e+00
4.750001e+04	9.999978e-01	2.236258e-02	0.000000e+00	0.000000e+00	2.263193e+00	6.021102e+00	9.999966e-01	3.732637e+00
4.750001e+04	1.999998e+00	2.989228e-02	0.000000e+00	0.000000e+00	4.009555e+00	4.027522e+00	2.828418e+00	1.908330e-02
4.800002e+04	9.999987e-01	2.238343e-02	0.000000e+00	0.000000e+00	2.264712e+00	6.073208e+00	9.999979e-01	3.781405e+00
4.800002e+04	1.999998e+00	2.989113e-02	0.000000e+00	0.000000e+00	4.009649e+00	8.927296e+00	2.828418e+00	4.858704e+00
4.850001e+04	9.999975e-01	2.241622e-02	0.000000e+00	0.000000e+00	2.266575e+00	6.014722e+00	9.999961e-01	3.723169e+00
4.850001e+04	1.999998e+00	2.988974e-02	0.000000e+00	0.000000e+00	4.009756e+00	7.504782e+00	2.828418e+00	3.475038e+00
4.900000e+04	1.000000e+00	2.243365e-02	0.000000e+00	0.000000e+00	2.267987e+00	5.994340e+00	9.999999e-01	3.702155e+00
4.900000e+04	1.999998e+00	2.988861e-02	0.000000e+00	0.000000e+00	4.009849e+00	6.095740e+00	2.828418e+00	2.136949e+00
4.950001e+04	9.999973e-01	2.246513e-02	0.000000e+00	0.000000e+00	2.269675e+00	6.010273e+00	9.999958e-01	3.715842e+00
4.950001e+04	1.999998e+00	2.988751e-02	0.000000e+00	0.000000e+00	4.009952e+00	4.699541e+00	2.828419e+00	7.287365e-01
5.000001e+04	9.999986e-01	2.248892e-02	0.000000e+00	0.000000e+00	2.271169e+00	6.064446e+00	9.999978e-01	3.766597e+00
5.000001e+04	1.999998e+00	2.988625e-02	0.000000e+00	0.000000e+00	4.010049e+00	9.600042e+00	2.828418e+00	5.550679e+00
5.050000e+04	9.999982e-01	2.251035e-02	0.000000e+00	0.000000e+00	2.273059e+00	6.020236e+00	9.999972e-01	3.722132e+00
5.050000e+04	1.999998e+00	2.988480e-02	0.000000e+00	0.000000e+00	4.010143e+00	8.182578e+00	2.828418e+00	4.122156e+00
5.100000e+04	9.999979e-01	2.254044e-02	0.000000e+00	0.000000e+00	2.274319e+00	6.007451e+00	9.999967e-01	3.708571e+00
5.100000e+04	1.999998e+00	2.988376e-02	0.000000e+00	0.000000e+00	4.010245e+00	6.776222e+00	2.828418e+00	2.787163e+00
5.150001e+04	9.999987e-01	2.256372e-02	0.000000e+00	0.000000e+00	2.276235e+00	6.042058e+00	9.999979e-01	3.740041e+00
5.150001e+04	1.999998e+00	2.988240e-02	0.000000e+00	0.000000e+00	4.010346e+00	5.386624e+00	2.828418e+00	1.435308e+00
5.200002e+04	9.999980e-01	2.258987e-02	0.000000e+00	0.000000e+00	2.277663e+00	6.112386e+00	9.999968e-01	3.806474e+00
5.200002e+04	1.999998e+00	2.988128e-02	0.000000e+00	0.000000e+00	4.010439e+00	1.029284e+01	2.828418e+00	6.282349e+00
5.250001e+04	9.999987e-01	2.261043e-02	0.000000e+00	0.000000e+00	2.279185e+00	6.072695e+00	9.999979e-01	3.766680e+00
5.250001e+04	1.999998e+00	2.988011e-02	0.000000e+00	0.000000e+00	4.010533e+00	8.876971e+00	2.828418e+00	4.807080e+00
5.300001e+04	9.999974e-01	2.264398e-02	0.000000e+00	0.000000e+00	2.280985e+00	6.074350e+00	9.999960e-01	3.766502e+00
5.300001e+04	1.999998e+00	2.987873e-02	0.000000e+00	0.000000e+00	4.010639e+00	7.475720e+00	2.828418e+00	3.446736e+00
5.350001e+04	1.000000e+00	2.266073e-02	0.000000e+00	0.000000e+00	2.282435e+00	6.120857e+00	1.000000e+00	3.809958e+00
5.350001e+04	1.999998e+00	2.987755e-02	0.000000e+00	0.000000e+00	4.010731e+00	6.090327e+00	2.828418e+00	2.130826e+00
5.400000e+04	9.999973e-01	2.269252e-02	0.000000e+00	0.000000e+00	2.284066e+00	6.053108e+00	9.999958e-01	3.742999e+00
5.400000e+04	1.999998e+00	2.987647e-02	0.000000e+00	0.000000e+00	4.010834e+00	4.664542e+00	2.828419e+00	6.911456e-01
5.450002e+04	9.999987e-01	2.271621e-02	0.000000e+00	0.000000e+00	2.285544e+00	6.183584e+00	9.999979e-01	3.867494e+00
5.450002e+04	1.999998e+00	2.987520e-02	0.000000e+00	0.000000e+00	4.010931e+00	9.592020e+00	2.828418e+00	5.541380e+00
5.500002e+04	9.999980e-01	2.273861e-02	0.000000e+00	0.000000e+00	2.287443e+00	6.202818e+00	9.999969e-01	3.884232e+00
5.500002e+04	1.999998e+00	2.987371e-02	0.000000e+00	0.000000e+00	4.011025e+00	8.196986e+00	2.828418e+00	4.135277e+00
5.550001e+04	9.999982e-01	2.276739e-02	0.000000e+00	0.000000e+00	2.288660e+00	6.110235e+00	9.999971e-01	3.793568e+00
5.550001e+04	1.999998e+00	2.987268e-02	0.000000e+00	0.000000e+00	4.011126e+00	6.762417e+00	2.828418e+00	2.773261e+00
5.600002e+04	9.999982e-01	2.279217e-02	0.000000e+00	0.000000e+00	2.290574e+00	6.214704e+00	9.999971e-01	3.892631e+00
5.600002e+04	1.999998e+00	2.987131e-02	0.000000e+00	0.000000e+00	4.011228e+00	5.397520e+00	2.828418e+00	1.445391e+00
5.650001e+04	9.999981e-01	2.281762e-02	0.000000e+00	0.000000e+00	2.291980e+00	6.138290e+00	9.999970e-01	3.817380e+00
5.650001e+04	1.999998e+00	2.987015e-02	0.000000e+00	0.000000e+00	4.011320e+00	1.025185e+01	2.828418e+00	6.237886e+00
5.700000e+04	9.999987e-01	2.283790e-02	0.000000e+00	0.000000e+00	2.293507e+00	6.099957e+00	9.999979e-01	3.778893e+00
5.700000e+04	1.999998e+00	2.986896e-02	0.000000e+00	0.000000e+00	4.011412e+00	8.836465e+00	2.828418e+00	4.765479e+00
5.750000e+04	9.999974e-01	2.287205e-02	0.000000e+00	0.000000e+00	2.295241e+00	6.096901e+00	9.999960e-01	3.774235e+00
5.750000e+04	1.999998e+00	2.986760e-02	0.000000e+00	0.000000e+00	4.011519e+00	7.433549e+00	2.828418e+00	3.406071e+00
5.800000e+04	1.000000e+00	2.288857e-02	0.000000e+00	0.000000e+00	2.296727e+00	6.117392e+00	1.000000e+00	3.792544e+00
5.800000e+04	1.999998e+00	2.986637e-02	0.000000e+00	0.000000e+00	4.011610e+00	6.038958e+00	2.828418e+00	2.080070e+00
5.850001e+04	9.999973e-01	2.292027e-02	0.000000e+00	0.000000e+00	2.298305e+00	6.182751e+00	9.999958e-01	3.854085e+00
5.850001e+04	1.999998e+00	2.986529e-02	0.000000e+00	0.000000e+00	4.011711e+00	4.660233e+00	2.828419e+00	6.856960e-01
5.900000e+04	9.999987e-01	2.294392e-02	0.000000e+00	0.000000e+00	2.299768e+00	6.131852e+00	9.999979e-01	3.803494e+00
5.900000e+04	1.999998e+00	2.986402e-02	0.000000e+00	0.000000e+00	4.011808e+00	9.523586e+00	2.828418e+00	5.469007e+00
5.950000e+04	9.999980e-01	2.296716e-02	0.000000e+00	0.000000e+00	2.301669e+00	6.131810e+00	9.999969e-01	3.801590e+00
5.950000e+04	1.999998e+00	2.986250e-02	0.000000e+00	0.000000e+00	4.011903e+00	8.121737e+00	2.828418e+00	4.061666e+00
6.000001e+04	9.999984e-01	2.299471e-02	0.000000e+00	0.000000e+00	2.302856e+00	6.179273e+00	9.999975e-01	3.846232e+00
6.000001e+04	1.999998e+00	2.986145e-02	0.000000e+00	0.000000e+00	4.012002e+00	6.736682e+00	2.828418e+00	2.748063e+00
6.050002e+04	9.999979e-01	2.302075e-02	0.000000e+00	0.000000e+00	2.304752e+00	6.262559e+00	9.999968e-01	3.924918e+00
6.050002e+04	1.999998e+00	2.986009e-02	0.000000e+00	0.000000e+00	4.012104e+00	5.364295e+00	2.828418e+00	1.410932e+00
6.100002e+04	9.999982e-01	2.304570e-02	0.000000e+00	0.000000e+00	2.306145e+00	6.255608e+00	9.999972e-01	3.916803e+00
6.100002e+04	1.999998e+00	2.985888e-02	0.000000e+00	0.000000e+00	4.012196e+00	1.024319e+01	2.828418e+00	6.227753e+00
6.150002e+04	9.999986e-01	2.306583e-02	0.000000e+00	0.000000e+00	2.307687e+00	6.287533e+00	9.999977e-01	3.946204e+00
6.150002e+04	1.999998e+00	2.985767e-02	0.000000e+00	0.000000e+00	4.012287e+00	8.852639e+00	2.828418e+00	4.780877e+00
6.200001e+04	9.999974e-01	2.310038e-02	0.000000e+00	0.000000e+00	2.309347e+00	6.227029e+00	9.999960e-01	3.885978e+00
6.200001e+04	1.999998e+00	2.985632e-02	0.000000e+00	0.000000e+00	4.012393e+00	7.429411e+00	2.828418e+00	3.401343e+00
6.250001e+04	1.000000e+00	2.311677e-02	0.000000e+00	0.000000e+00	2.310879e+00	6.208900e+00	1.000000e+00	3.866948e+00
6.250001e+04	1.999998e+00	2.985504e-02	0.000000e+00	0.000000e+00	4.012484e+00	6.021167e+00	2.828418e+00	2.061892e+00
6.300001e+04	9.999974e-01	2.314832e-02	0.000000e+00	0.000000e+00	2.312400e+00	6.242024e+00	9.999959e-01	3.897463e+00
6.300001e+04	1.999998e+00	2.985397e-02	0.000000e+00	0.000000e+00	4.012584e+00	4.631045e+00	2.828419e+00	6.541549e-01
6.350000e+04	9.999987e-01	2.317188e-02	0.000000e+00	0.000000e+00	2.313848e+00	6.180703e+00	9.999979e-01	3.836771e+00
6.350000e+04	1.999998e+00	2.985270e-02	0.000000e+00	0.000000e+00	4.012681e+00	9.490713e+00	2.828418e+00	5.433861e+00
6.400002e+04	9.999978e-01	2.319622e-02	0.000000e+00	0.000000e+00	2.315749e+00	6.322378e+00	9.999966e-01	3.971978e+00
6.400002e+04	1.999998e+00	2.985114e-02	0.000000e+00	0.000000e+00	4.012776e+00	8.138969e+00	2.828418e+00	4.077484e+00
6.450000e+04	9.999986e-01	2.322240e-02	0.000000e+00	0.000000e+00	2.316911e+00	6.209542e+00	9.999978e-01	3.861602e+00
6.450000e+04	1.999998e+00	2.985010e-02	0.000000e+00	0.000000e+00	4.012874e+00	6.697239e+00	2.828418e+00	2.709864e+00
6.500002e+04	9.999978e-01	2.324958e-02	0.000000e+00	0.000000e+00	2.318780e+00	6.296853e+00	9.999965e-01	3.944224e+00
6.500002e+04	1.999998e+00	2.984874e-02	0.000000e+00	0.000000e+00	4.012976e+00	5.326276e+00	2.828418e+00	1.371550e+00
6.550002e+04	9.999983e-01	2.327416e-02	0.000000e+00	0.000000e+00	2.320166e+00	6.289757e+00	9.999973e-01	3.935973e+00
6.550002e+04	1.999998e+00	2.984749e-02	0.000000e+00	0.000000e+00	4.013067e+00	1.020511e+01	2.828418e+00	6.186405e+00
6.600002e+04	9.999985e-01	2.329412e-02	0.000000e+00	0.000000e+00	2.321719e+00	6.335789e+00	9.999976e-01	3.979050e+00
6.600002e+04	1.999998e+00	2.984625e-02	0.000000e+00	0.000000e+00	4.013157e+00	8.819557e+00	2.828418e+00	4.746797e+00
6.650001e+04	9.999974e-01	2.332891e-02	0.000000e+00	0.000000e+00	2.323309e+00	6.276016e+00	9.999960e-01	3.919550e+00
6.650001e+04	1.999998e+00	2.984492e-02	0.000000e+00	0.000000e+00	4.013264e+00	7.396587e+00	2.828418e+00	3.369535e+00
6.700001e+04	1.000000e+00	2.334546e-02	0.000000e+00	0.000000e+00	2.324885e+00	6.271476e+00	9.999999e-01	3.913609e+00
6.700001e+04	1.999998e+00	2.984358e-02	0.000000e+00	0.000000e+00	4.013354e+00	5.993148e+00	2.828418e+00	2.033731e+00
6.750002e+04	9.999974e-01	2.337666e-02	0.000000e+00	0.000000e+00	2.326353e+00	6.321395e+00	9.999960e-01	3.960482e+00
6.750002e+04	1.999998e+00	2.984251e-02	0.000000e+00	0.000000e+00	4.013453e+00	4.608963e+00	2.828418e+00	6.300476e-01
6.800001e+04	9.999987e-01	2.340008e-02	0.000000e+00	0.000000e+00	2.327787e+00	6.269605e+00	9.999979e-01	3.908915e+00
6.800001e+04	1.999998e+00	2.984125e-02	0.000000e+00	0.000000e+00	4.013549e+00	9.472001e+00	2.828418e+00	5.413501e+00
6.850001e+04	9.999978e-01	2.342546e-02	0.000000e+00	0.000000e+00	2.329679e+00	6.294090e+00	9.999966e-01	3.930744e+00
6.850001e+04	1.999998e+00	2.983967e-02	0.000000e+00	0.000000e+00	4.013644e+00	8.078823e+00	2.828418e+00	4.018633e+00
6.900002e+04	9.999991e-01	2.345012e-02	0.000000e+00	0.000000e+00	2.330821e+00	6.362891e+00	9.999986e-01	3.996278e+00
6.900002e+04	1.999998e+00	2.983862e-02	0.000000e+00	0.000000e+00	4.013740e+00	6.701312e+00	2.828418e+00	2.712893e+00
6.950001e+04	9.999976e-01	2.347862e-02	0.000000e+00	0.000000e+00	2.332664e+00	6.329510e+00	9.999963e-01	3.962083e+00
6.950001e+04	1.999998e+00	2.983726e-02	0.000000e+00	0.000000e+00	4.013843e+00	5.287678e+00	2.828418e+00	1.331494e+00
7.000002e+04	9.999984e-01	2.350288e-02	0.000000e+00	0.000000e+00	2.334044e+00	6.353399e+00	9.999974e-01	3.983867e+00
7.000002e+04	1.999998e+00	2.983597e-02	0.000000e+00	0.000000e+00	4.013934e+00	1.017747e+01	2.828418e+00	6.156141e+00
7.050000e+04	9.999985e-01	2.352274e-02	0.000000e+00	0.000000e+00	2.335609e+00	6.275743e+00	9.999976e-01	3.907118e+00
7.050000e+04	1.999998e+00	2.983469e-02	0.000000e+00	0.000000e+00	4.014023e+00	8.748183e+00	2.828418e+00	4.674492e+00
7.100002e+04	9.999975e-01	2.355759e-02	0.000000e+00	0.000000e+00	2.337129e+00	6.410313e+00	9.999962e-01	4.036032e+00
7.100002e+04	1.999998e+00	2.983339e-02	0.000000e+00	0.000000e+00	4.014129e+00	7.393924e+00	2.828418e+00	3.366209e+00
7.150000e+04	9.999999e-01	2.357454e-02	0.000000e+00	0.000000e+00	2.338746e+00	6.299765e+00	9.999997e-01	3.927251e+00
7.150000e+04	1.999998e+00	2.983200e-02	0.000000e+00	0.000000e+00	4.014220e+00	5.953005e+00	2.828418e+00	1.993690e+00
7.200002e+04	9.999975e-01	2.360524e-02	0.000000e+00	0.000000e+00	2.340169e+00	6.397328e+00	9.999962e-01	4.020396e+00
7.200002e+04	1.999998e+00	2.983092e-02	0.000000e+00	0.000000e+00	4.014317e+00	4.585665e+00	2.828418e+00	6.046484e-01
7.250002e+04	9.999987e-01	2.362848e-02	0.000000e+00	0.000000e+00	2.341591e+00	6.398950e+00	9.999979e-01	4.020554e+00
7.250002e+04	1.999998e+00	2.982967e-02	0.000000e+00	0.000000e+00	4.014413e+00	9.467587e+00	2.828418e+00	5.408030e+00
7.300000e+04	9.999977e-01	2.365498e-02	0.000000e+00	0.000000e+00	2.343467e+00	6.303732e+00	9.999965e-01	3.926408e+00
7.300000e+04	1.999998e+00	2.982807e-02	0.000000e+00	0.000000e+00	4.014509e+00	8.032088e+00	2.828418e+00	3.972837e+00
7.350002e+04	9.999994e-01	2.367825e-02	0.000000e+00	0.000000e+00	2.344603e+00	6.424989e+00	9.999990e-01	4.042843e+00
7.350002e+04	1.999998e+00	2.982700e-02	0.000000e+00	0.000000e+00	4.014603e+00	6.673123e+00	2.828418e+00	2.685340e+00
7.400002e+04	9.999975e-01	2.370789e-02	0.000000e+00	0.000000e+00	2.346410e+00	6.444665e+00	9.999961e-01	4.060163e+00
7.400002e+04	1.999998e+00	2.982565e-02	0.000000e+00	0.000000e+00	4.014706e+00	5.278247e+00	2.828418e+00	1.321015e+00
7.450001e+04	9.999984e-01	2.373185e-02	0.000000e+00	0.000000e+00	2.347784e+00	6.383060e+00	9.999975e-01	3.998967e+00
7.450001e+04	1.999998e+00	2.982433e-02	0.000000e+00	0.000000e+00	4.014797e+00	1.013781e+01	2.828418e+00	6.113141e+00
7.500001e+04	9.999984e-01	2.375170e-02	0.000000e+00	0.000000e+00	2.349366e+00	6.369595e+00	9.999975e-01	3.984346e+00
7.500001e+04	1.999998e+00	2.982301e-02	0.000000e+00	0.000000e+00	4.014885e+00	8.731221e+00	2.828418e+00	4.656717e+00
7.550001e+04	9.999976e-01	2.378640e-02	0.000000e+00	0.000000e+00	2.350817e+00	6.414751e+00	9.999963e-01	4.026695e+00
7.550001e+04	1.999998e+00	2.982173e-02	0.000000e+00	0.000000e+00	4.014990e+00	7.345349e+00	2.828418e+00	3.319563e+00
7.600001e+04	9.999995e-01	2.380396e-02	0.000000e+00	0.000000e+00	2.352475e+00	6.379835e+00	9.999992e-01	3.991182e+00
7.600001e+04	1.999998e+00	2.982029e-02	0.000000e+00	0.000000e+00	4.015081e+00	5.931170e+00	2.828418e+00	1.971482e+00
7.650001e+04	9.999976e-01	2.383406e-02	0.000000e+00	0.000000e+00	2.353852e+00	6.397621e+00	9.999963e-01	4.007052e+00
7.650001e+04	1.999998e+00	2.981921e-02	0.000000e+00	0.000000e+00	4.015176e+00	4.535624e+00	2.828418e+00	5.510889e-01
7.700002e+04	9.999987e-01	2.385709e-02	0.000000e+00	0.000000e+00	2.355262e+00	6.475419e+00	9.999979e-01	4.081227e+00
7.700002e+04	1.999998e+00	2.981796e-02	0.000000e+00	0.000000e+00	4.015272e+00	9.444479e+00	2.828418e+00	5.383137e+00
7.750002e+04	9.999976e-01	2.388476e-02	0.000000e+00	0.000000e+00	2.357118e+00	6.467754e+00	9.999963e-01	4.071922e+00
7.750002e+04	1.999998e+00	2.981633e-02	0.000000e+00	0.000000e+00	4.015368e+00	8.039934e+00	2.828418e+00	3.979573e+00
7.800000e+04	9.999995e-01	2.390688e-02	0.000000e+00	0.000000e+00	2.358258e+00	6.366858e+00	9.999991e-01	3.972847e+00
7.800000e+04	1.999998e+00	2.981524e-02	0.000000e+00	0.000000e+00	4.015461e+00	6.602426e+00	2.828418e+00	2.617398e+00
7.850002e+04	9.999974e-01	2.393720e-02	0.000000e+00	0.000000e+00	2.360019e+00	6.476135e+00	9.999959e-01	4.077168e+00
7.850002e+04	1.999998e+00	2.981392e-02	0.000000e+00	0.000000e+00	4.015564e+00	5.239229e+00	2.828418e+00	1.280426e+00
7.900002e+04	9.999986e-01	2.396094e-02	0.000000e+00	0.000000e+00	2.361389e+00	6.498284e+00	9.999977e-01	4.097348e+00
7.900002e+04	1.999998e+00	2.981255e-02	0.000000e+00	0.000000e+00	4.015655e+00	1.012841e+01	2.828418e+00	6.102255e+00
7.950001e+04	9.999983e-01	2.398093e-02	0.000000e+00	0.000000e+00	2.362989e+00	6.430276e+00	9.999974e-01	4.029651e+00
7.950001e+04	1.999998e+00	2.981120e-02	0.000000e+00	0.000000e+00	4.015742e+00	8.702530e+00	2.828418e+00	4.627278e+00
8.000000e+04	9.999977e-01	2.401529e-02	0.000000e+00	0.000000e+00	2.364374e+00	6.422926e+00	9.999964e-01	4.021120e+00
8.000000e+04	1.999998e+00	2.980994e-02	0.000000e+00	0.000000e+00	4.015846e+00	7.298095e+00	2.828418e+00	3.274188e+00
8.050001e+04	9.999991e-01	2.403368e-02	0.000000e+00	0.000000e+00	2.366069e+00	6.483913e+00	9.999985e-01	4.078694e+00
8.050001e+04	1.999998e+00	2.980845e-02	0.000000e+00	0.000000e+00	4.015938e+00	5.917824e+00	2.828418e+00	1.957561e+00
8.100001e+04	9.999977e-01	2.406304e-02	0.000000e+00	0.000000e+00	2.367404e+00	6.452418e+00	9.999964e-01	4.046739e+00
8.100001e+04	1.999998e+00	2.980736e-02	0.000000e+00	0.000000e+00	4.016031e+00	4.504853e+00	2.828418e+00	5.177629e-01
8.150001e+04	9.999987e-01	2.408586e-02	0.000000e+00	0.000000e+00	2.368802e+00	6.482996e+00	9.999979e-01	4.075061e+00
8.150001e+04	1.999998e+00	2.980612e-02	0.000000e+00	0.000000e+00	4.016126e+00	9.397014e+00	2.828418e+00	5.333021e+00
8.200000e+04	9.999976e-01	2.411458e-02	0.000000e+00	0.000000e+00	2.370633e+00	6.423771e+00	9.999962e-01	4.015715e+00
8.200000e+04	1.999998e+00	2.980448e-02	0.000000e+00	0.000000e+00	4.016223e+00	7.974239e+00	2.828418e+00	3.915673e+00
8.250000e+04	9.999998e-01	2.413545e-02	0.000000e+00	0.000000e+00	2.371782e+00	6.428713e+00	9.999996e-01	4.019364e+00
8.250000e+04	1.999998e+00	2.980336e-02	0.000000e+00	0.000000e+00	4.016314e+00	6.574151e+00	2.828418e+00	2.589694e+00
8.300001e+04	9.999973e-01	2.416659e-02	0.000000e+00	0.000000e+00	2.373498e+00	6.503055e+00	9.999959e-01	4.089874e+00
8.300001e+04	1.999998e+00	2.980205e-02	0.000000e+00	0.000000e+00	4.016416e+00	5.198603e+00	2.828419e+00	1.238106e+00
8.350001e+04	9.999986e-01	2.419024e-02	0.000000e+00	0.000000e+00	2.374865e+00	6.481660e+00	9.999977e-01	4.067702e+00
8.350001e+04	1.999998e+00	2.980066e-02	0.000000e+00	0.000000e+00	4.016508e+00	1.007239e+01	2.828418e+00	6.041942e+00
8.400001e+04	9.999982e-01	2.421040e-02	0.000000e+00	0.000000e+00	2.376483e+00	6.537057e+00	9.999972e-01	4.119995e+00
8.400001e+04	1.999998e+00	2.979926e-02	0.000000e+00	0.000000e+00	4.016594e+00	8.690139e+00	2.828418e+00	4.614112e+00
8.450001e+04	9.999978e-01	2.424421e-02	0.000000e+00	0.000000e+00	2.377802e+00	6.491237e+00	9.999966e-01	4.074070e+00
8.450001e+04	1.999998e+00	2.979803e-02	0.000000e+00	0.000000e+00	4.016697e+00	7.272102e+00	2.828418e+00	3.248878e+00
8.500001e+04	9.999989e-01	2.426353e-02	0.000000e+00	0.000000e+00	2.379524e+00	6.514070e+00	9.999982e-01	4.094571e+00
8.500001e+04	1.999998e+00	2.979651e-02	0.000000e+00	0.000000e+00	4.016790e+00	5.878341e+00	2.828418e+00	1.918010e+00
8.550002e+04	9.999979e-01	2.429215e-02	0.000000e+00	0.000000e+00	2.380826e+00	6.594268e+00	9.999967e-01	4.171404e+00
8.550002e+04	1.999998e+00	2.979538e-02	0.000000e+00	0.000000e+00	4.016882e+00	4.504860e+00	2.828418e+00	5.168622e-01
8.600002e+04	9.999986e-01	2.431474e-02	0.000000e+00	0.000000e+00	2.382220e+00	6.592817e+00	9.999978e-01	4.168589e+00
8.600002e+04	1.999998e+00	2.979415e-02	0.000000e+00	0.000000e+00	4.016975e+00	9.385697e+00	2.828418e+00	5.320437e+00
8.650000e+04	9.999975e-01	2.434454e-02	0.000000e+00	0.000000e+00	2.384017e+00	6.499902e+00	9.999961e-01	4.076292e+00
8.650000e+04	1.999998e+00	2.979250e-02	0.000000e+00	0.000000e+00	4.017073e+00	7.951011e+00	2.828418e+00	3.892608e+00
8.700002e+04	1.000000e+00	2.436397e-02	0.000000e+00	0.000000e+00	2.385185e+00	6.605886e+00	1.000000e+00	4.178367e+00
8.700002e+04	1.999998e+00	2.979134e-02	0.000000e+00	0.000000e+00	4.017161e+00	6.586647e+00	2.828418e+00	2.600759e+00
8.750002e+04	9.999973e-01	2.439605e-02	0.000000e+00	0.000000e+00	2.386850e+00	6.630815e+00	9.999958e-01	4.201034e+00
8.750002e+04	1.999998e+00	2.979006e-02	0.000000e+00	0.000000e+00	4.017264e+00	5.193628e+00	2.828419e+00	1.232138e+00
8.800001e+04	9.999986e-01	2.441957e-02	0.000000e+00	0.000000e+00	2.388213e+00	6.562254e+00	9.999978e-01	4.132768e+00
8.800001e+04	1.999998e+00	2.978865e-02	0.000000e+00	0.000000e+00	4.017356e+00	1.005074e+01	2.828418e+00	6.018101e+00
8.850001e+04	9.999982e-01	2.444002e-02	0.000000e+00	0.000000e+00	2.389848e+00	6.544841e+00	9.999971e-01	4.114183e+00
8.850001e+04	1.999998e+00	2.978720e-02	0.000000e+00	0.000000e+00	4.017441e+00	8.642746e+00	2.828418e+00	4.566182e+00
8.900001e+04	9.999980e-01	2.447312e-02	0.000000e+00	0.000000e+00	2.391106e+00	6.558787e+00	9.999969e-01	4.126483e+00
8.900001e+04	1.999998e+00	2.978599e-02	0.000000e+00	0.000000e+00	4.017544e+00	7.245840e+00	2.828418e+00	3.223323e+00
8.950001e+04	9.999985e-01	2.449353e-02	0.000000e+00	0.000000e+00	2.392852e+00	6.583616e+00	9.999977e-01	4.148942e+00
8.950001e+04	1.999998e+00	2.978444e-02	0.000000e+00	0.000000e+00	4.017637e+00	5.852785e+00	2.828418e+00	1.892063e+00
9.000001e+04	9.999980e-01	2.452141e-02	0.000000e+00	0.000000e+00	2.394128e+00	6.600620e+00	9.999968e-01	4.164233e+00
9.000001e+04	1.999998e+00	2.978329e-02	0.000000e+00	0.000000e+00	4.017727e+00	4.456961e+00	2.828418e+00	4.654435e-01
9.050000e+04	9.999986e-01	2.454371e-02	0.000000e+00	0.000000e+00	2.395514e+00	6.555519e+00	9.999978e-01	4.118892e+00
9.050000e+04	1.999998e+00	2.978205e-02	0.000000e+00	0.000000e+00	4.017819e+00	9.322366e+00	2.828418e+00	5.254098e+00
9.100002e+04	9.999975e-01	2.457457e-02	0.000000e+00	0.000000e+00	2.397274e+00	6.692726e+00	9.999961e-01	4.251080e+00
9.100002e+04	1.999998e+00	2.978040e-02	0.000000e+00	0.000000e+00	4.017918e+00	7.969040e+00	2.828418e+00	3.909095e+00
9.150002e+04	1.000000e+00	2.459290e-02	0.000000e+00	0.000000e+00	2.398472e+00	6.685452e+00	1.000000e+00	4.242754e+00
9.150002e+04	1.999998e+00	2.977920e-02	0.000000e+00	0.000000e+00	4.018005e+00	6.564634e+00	2.828418e+00	2.579005e+00
9.200002e+04	9.999973e-01	2.462548e-02	0.000000e+00	0.000000e+00	2.400079e+00	6.676796e+00	9.999958e-01	4.232654e+00
9.200002e+04	1.999998e+00	2.977794e-02	0.000000e+00	0.000000e+00	4.018107e+00	5.159740e+00	2.828419e+00	1.196612e+00
9.250002e+04	9.999987e-01	2.464892e-02	0.000000e+00	0.000000e+00	2.401438e+00	6.661726e+00	9.999979e-01	4.216547e+00
9.250002e+04	1.999998e+00	2.977652e-02	0.000000e+00	0.000000e+00	4.018199e+00	1.003576e+01	2.828418e+00	6.001347e+00
9.300001e+04	9.999980e-01	2.466982e-02	0.000000e+00	0.000000e+00	2.403091e+00	6.661897e+00	9.999969e-01	4.215061e+00
9.300001e+04	1.999998e+00	2.977502e-02	0.000000e+00	0.000000e+00	4.018284e+00	8.633987e+00	2.828418e+00	4.556678e+00
9.350001e+04	9.999983e-01	2.470202e-02	0.000000e+00	0.000000e+00	2.404292e+00	6.610194e+00	9.999973e-01	4.163351e+00
9.350001e+04	1.999998e+00	2.977383e-02	0.000000e+00	0.000000e+00	4.018385e+00	7.213871e+00	2.828418e+00	3.192393e+00
9.400001e+04	9.999982e-01	2.472363e-02	0.000000e+00	0.000000e+00	2.406055e+00	6.677232e+00	9.999972e-01	4.227062e+00
9.400001e+04	1.999998e+00	2.977226e-02	0.000000e+00	0.000000e+00	4.018480e+00	5.835739e+00	2.828418e+00	1.874454e+00
9.450001e+04	9.999981e-01	2.475074e-02	0.000000e+00	0.000000e+00	2.407309e+00	6.659199e+00	9.999970e-01	4.208161e+00
9.450001e+04	1.999998e+00	2.977107e-02	0.000000e+00	0.000000e+00	4.018568e+00	4.427527e+00	2.828418e+00	4.334699e-01
9.500001e+04	9.999986e-01	2.477274e-02	0.000000e+00	0.000000e+00	2.408693e+00	6.681574e+00	9.999977e-01	4.228642e+00
9.500001e+04	1.999998e+00	2.976984e-02	0.000000e+00	0.000000e+00	4.018659e+00	9.316789e+00	2.828418e+00	5.247496e+00
9.550000e+04	9.999974e-01	2.480449e-02	0.000000e+00	0.000000e+00	2.410408e+00	6.621727e+00	9.999960e-01	4.168460e+00
9.550000e+04	1.999998e+00	2.976819e-02	0.000000e+00	0.000000e+00	4.018758e+00	7.893793e+00	2.828418e+00	3.836263e+00
9.600000e+04	1.000000e+00	2.482219e-02	0.000000e+00	0.000000e+00	2.411634e+00	6.618396e+00	1.000000e+00	4.163986e+00
9.600000e+04	1.999998e+00	2.976694e-02	0.000000e+00	0.000000e+00	4.018844e+00	6.490782e+00	2.828418e+00	2.507835e+00
9.650001e+04	9.999973e-01	2.485488e-02	0.000000e+00	0.000000e+00	2.413191e+00	6.674803e+00	9.999959e-01	4.217480e+00
9.650001e+04	1.999998e+00	2.976570e-02	0.000000e+00	0.000000e+00	4.018945e+00	5.108891e+00	2.828419e+00	1.143624e+00
9.700000e+04	9.999987e-01	2.487832e-02	0.000000e+00	0.000000e+00	2.414543e+00	6.656710e+00	9.999979e-01	4.198441e+00
9.700000e+04	1.999998e+00	2.976427e-02	0.000000e+00	0.000000e+00	4.019037e+00	9.983842e+00	2.828418e+00	5.945490e+00
9.750001e+04	9.999979e-01	2.489970e-02	0.000000e+00	0.000000e+00	2.416211e+00	6.704969e+00	9.999968e-01	4.243950e+00
9.750001e+04	1.999998e+00	2.976272e-02	0.000000e+00	0.000000e+00	4.019122e+00	8.599071e+00	2.828418e+00	4.521267e+00
9.800001e+04	9.999985e-01	2.493085e-02	0.000000e+00	0.000000e+00	2.417361e+00	6.677609e+00	9.999977e-01	4.216013e+00
9.800001e+04	1.999998e+00	2.976156e-02	0.000000e+00	0.000000e+00	4.019221e+00	7.187561e+00	2.828418e+00	3.166805e+00
9.850001e+04	9.999980e-01	2.495369e-02	0.000000e+00	0.000000e+00	2.419133e+00	6.721138e+00	9.999969e-01	4.256820e+00
9.850001e+04	1.999998e+00	2.975997e-02	0.000000e+00	0.000000e+00	4.019317e+00	5.801118e+00	2.828418e+00	1.839518e+00
9.900001e+04	9.999982e-01	2.498012e-02	0.000000e+00	0.000000e+00	2.420372e+00	6.689775e+00	9.999971e-01	4.224877e+00
9.900001e+04	1.999998e+00	2.975873e-02	0.000000e+00	0.000000e+00	4.019404e+00	4.388193e+00	2.828418e+00	3.910122e-01
9.950001e+04	9.999985e-01	2.500181e-02	0.000000e+00	0.000000e+00	2.421756e+00	6.735867e+00	9.999976e-01	4.268589e+00
9.950001e+04	1.999998e+00	2.975749e-02	0.000000e+00	0.000000e+00	4.019493e+00	9.285840e+00	2.828418e+00	5.214746e+00
